2.246250000000000000e+02 4.450000000000000000e+02
2.262187500000000000e+02 4.447500000000000000e+02
2.273906250000000000e+02 4.452500000000000000e+02
2.288437500000000000e+02 4.462500000000000000e+02
2.307500000000000000e+02 6.055000000000000000e+02
2.320468750000000000e+02 6.072500000000000000e+02
2.335312500000000000e+02 6.137500000000000000e+02
2.347656250000000000e+02 6.195000000000000000e+02
2.361718750000000000e+02 6.252500000000000000e+02
2.376406250000000000e+02 6.332500000000000000e+02
2.389062500000000000e+02 6.412500000000000000e+02
2.402500000000000000e+02 6.492500000000000000e+02
2.416562500000000000e+02 6.590000000000000000e+02
2.429375000000000000e+02 6.697500000000000000e+02
2.443906250000000000e+02 6.805000000000000000e+02
2.455937500000000000e+02 6.905000000000000000e+02
2.469687500000000000e+02 7.025000000000000000e+02
2.482812500000000000e+02 7.172500000000000000e+02
2.496875000000000000e+02 7.305000000000000000e+02
2.509843750000000000e+02 7.455000000000000000e+02
2.523906250000000000e+02 7.615000000000000000e+02
2.537656250000000000e+02 7.770000000000000000e+02
2.551718750000000000e+02 7.955000000000000000e+02
2.564843750000000000e+02 8.172500000000000000e+02
2.578750000000000000e+02 8.377500000000000000e+02
2.591406250000000000e+02 8.580000000000000000e+02
2.604687500000000000e+02 8.830000000000000000e+02
2.618593750000000000e+02 9.102500000000000000e+02
2.659062500000000000e+02 1.004000000000000000e+03
2.937343750000000000e+02 1.051250000000000000e+03
3.014375000000000000e+02 2.401000000000000000e+03
3.224062500000000000e+02 2.402500000000000000e+03
3.251562500000000000e+02 2.517750000000000000e+03
3.265312500000000000e+02 2.569000000000000000e+03
3.279531250000000000e+02 2.582000000000000000e+03
3.293125000000000000e+02 2.546500000000000000e+03
3.307187500000000000e+02 2.565250000000000000e+03
3.321093750000000000e+02 2.603750000000000000e+03
3.335156250000000000e+02 2.629250000000000000e+03
3.348750000000000000e+02 2.680500000000000000e+03
3.362812500000000000e+02 2.728000000000000000e+03
3.420000000000000000e+02 2.276500000000000000e+03
3.434062500000000000e+02 2.244000000000000000e+03
3.447812500000000000e+02 2.221250000000000000e+03
3.462187500000000000e+02 2.225750000000000000e+03
3.476250000000000000e+02 2.213500000000000000e+03
3.518906250000000000e+02 2.077750000000000000e+03
3.532500000000000000e+02 2.056000000000000000e+03
3.547187500000000000e+02 2.033250000000000000e+03
3.560937500000000000e+02 1.986250000000000000e+03
3.575156250000000000e+02 1.969000000000000000e+03
3.588906250000000000e+02 1.966250000000000000e+03
2.968750000000000000e-01 1.957750000000000000e+03
1.703125000000000000e+00 1.975500000000000000e+03
1.150000000000000000e+01 2.118500000000000000e+03
1.289062500000000000e+01 2.103250000000000000e+03
1.432812500000000000e+01 2.091750000000000000e+03
1.850000000000000000e+01 2.084250000000000000e+03
1.989062500000000000e+01 2.075500000000000000e+03
2.132812500000000000e+01 2.064750000000000000e+03
2.275000000000000000e+01 2.054000000000000000e+03
2.693750000000000000e+01 2.041250000000000000e+03
2.831250000000000000e+01 2.037250000000000000e+03
2.971875000000000000e+01 2.039250000000000000e+03
3.117187500000000000e+01 2.040000000000000000e+03
3.257812500000000000e+01 2.040500000000000000e+03
3.392187500000000000e+01 2.041500000000000000e+03
3.535937500000000000e+01 2.042000000000000000e+03
3.675000000000000000e+01 2.049000000000000000e+03
3.815625000000000000e+01 2.060750000000000000e+03
3.956250000000000000e+01 2.066750000000000000e+03
4.098437500000000000e+01 2.075250000000000000e+03
4.235937500000000000e+01 2.095750000000000000e+03
4.375000000000000000e+01 2.113750000000000000e+03
4.514062500000000000e+01 2.120500000000000000e+03
4.657812500000000000e+01 2.124000000000000000e+03
4.798437500000000000e+01 2.109000000000000000e+03
4.937500000000000000e+01 2.085250000000000000e+03
5.078125000000000000e+01 2.089250000000000000e+03
5.215625000000000000e+01 2.096500000000000000e+03
6.285937500000000000e+01 2.810000000000000000e+02
6.420312500000000000e+01 2.770000000000000000e+02
6.568750000000000000e+01 2.737500000000000000e+02
6.746875000000000000e+01 2.725000000000000000e+02
6.807812500000000000e+01 2.740000000000000000e+02
6.987500000000000000e+01 2.750000000000000000e+02
7.067187500000000000e+01 2.747500000000000000e+02
7.315625000000000000e+01 2.755000000000000000e+02
8.675000000000000000e+01 3.582500000000000000e+02
8.784375000000000000e+01 3.590000000000000000e+02
9.859375000000000000e+01 4.542500000000000000e+02
9.984375000000000000e+01 4.555000000000000000e+02
1.011562500000000000e+02 4.537500000000000000e+02
1.095781250000000000e+02 4.837500000000000000e+02
1.110312500000000000e+02 4.737500000000000000e+02
1.125156250000000000e+02 4.667500000000000000e+02
1.137812500000000000e+02 4.632500000000000000e+02
1.152812500000000000e+02 4.642500000000000000e+02
1.165312500000000000e+02 4.677500000000000000e+02
1.277812500000000000e+02 8.730000000000000000e+02
1.291406250000000000e+02 8.760000000000000000e+02
1.347812500000000000e+02 9.867500000000000000e+02
1.362500000000000000e+02 9.940000000000000000e+02
1.376875000000000000e+02 1.001250000000000000e+03
1.390468750000000000e+02 1.009250000000000000e+03
1.404218750000000000e+02 1.018250000000000000e+03
1.436406250000000000e+02 8.272500000000000000e+02
1.451406250000000000e+02 8.157500000000000000e+02
1.464843750000000000e+02 8.130000000000000000e+02
1.812656250000000000e+02 6.477500000000000000e+02
1.826718750000000000e+02 6.395000000000000000e+02
1.840468750000000000e+02 6.320000000000000000e+02
1.855937500000000000e+02 6.242500000000000000e+02
1.870000000000000000e+02 6.162500000000000000e+02
1.885781250000000000e+02 6.107500000000000000e+02
1.898906250000000000e+02 6.052500000000000000e+02
1.914687500000000000e+02 5.992500000000000000e+02
1.927656250000000000e+02 5.937500000000000000e+02
1.963281250000000000e+02 4.762500000000000000e+02
1.979062500000000000e+02 4.767500000000000000e+02
1.992343750000000000e+02 4.717500000000000000e+02
2.006406250000000000e+02 4.700000000000000000e+02
2.019687500000000000e+02 4.735000000000000000e+02
2.067968750000000000e+02 3.287500000000000000e+02
2.081718750000000000e+02 3.250000000000000000e+02
2.090156250000000000e+02 3.242500000000000000e+02
2.105781250000000000e+02 3.245000000000000000e+02
2.135937500000000000e+02 4.707500000000000000e+02
2.151406250000000000e+02 4.627500000000000000e+02
2.165625000000000000e+02 4.607500000000000000e+02
2.180156250000000000e+02 4.590000000000000000e+02
2.193125000000000000e+02 4.572500000000000000e+02
2.207812500000000000e+02 4.567500000000000000e+02
2.222968750000000000e+02 4.567500000000000000e+02
2.236562500000000000e+02 4.507500000000000000e+02
2.250312500000000000e+02 4.447500000000000000e+02
2.266406250000000000e+02 4.447500000000000000e+02
2.279062500000000000e+02 4.455000000000000000e+02
2.314375000000000000e+02 6.057500000000000000e+02
2.328437500000000000e+02 6.097500000000000000e+02
2.342968750000000000e+02 6.162500000000000000e+02
2.355468750000000000e+02 6.235000000000000000e+02
2.369687500000000000e+02 6.307500000000000000e+02
2.384062500000000000e+02 6.392500000000000000e+02
2.398437500000000000e+02 6.470000000000000000e+02
2.410781250000000000e+02 6.570000000000000000e+02
2.426562500000000000e+02 6.665000000000000000e+02
2.440625000000000000e+02 6.755000000000000000e+02
2.454531250000000000e+02 6.872500000000000000e+02
2.468437500000000000e+02 6.992500000000000000e+02
2.480625000000000000e+02 7.130000000000000000e+02
2.496093750000000000e+02 7.280000000000000000e+02
2.509218750000000000e+02 7.435000000000000000e+02
2.522968750000000000e+02 7.607500000000000000e+02
2.537500000000000000e+02 7.782500000000000000e+02
2.551718750000000000e+02 7.960000000000000000e+02
2.565312500000000000e+02 8.170000000000000000e+02
2.578281250000000000e+02 8.380000000000000000e+02
2.592031250000000000e+02 8.590000000000000000e+02
2.605937500000000000e+02 8.845000000000000000e+02
2.619843750000000000e+02 9.120000000000000000e+02
2.856875000000000000e+02 1.973000000000000000e+03
2.900000000000000000e+02 1.929750000000000000e+03
2.935312500000000000e+02 1.050250000000000000e+03
3.014218750000000000e+02 2.401000000000000000e+03
3.157343750000000000e+02 2.544500000000000000e+03
3.258125000000000000e+02 2.522750000000000000e+03
3.272343750000000000e+02 2.523500000000000000e+03
3.286875000000000000e+02 2.532750000000000000e+03
3.300937500000000000e+02 2.579500000000000000e+03
3.315781250000000000e+02 2.605750000000000000e+03
3.330156250000000000e+02 2.625500000000000000e+03
3.344375000000000000e+02 2.676250000000000000e+03
3.358281250000000000e+02 2.718000000000000000e+03
3.402343750000000000e+02 2.348500000000000000e+03
3.417031250000000000e+02 2.301000000000000000e+03
3.431406250000000000e+02 2.247500000000000000e+03
3.445781250000000000e+02 2.219500000000000000e+03
3.460000000000000000e+02 2.217500000000000000e+03
3.475312500000000000e+02 2.206500000000000000e+03
3.518906250000000000e+02 2.077750000000000000e+03
3.533125000000000000e+02 2.056000000000000000e+03
3.547812500000000000e+02 2.032500000000000000e+03
3.562343750000000000e+02 1.985500000000000000e+03
3.576718750000000000e+02 1.970750000000000000e+03
3.591093750000000000e+02 1.966750000000000000e+03
5.468750000000000000e-01 1.960250000000000000e+03
1.968750000000000000e+00 1.989500000000000000e+03
3.406250000000000000e+00 2.025500000000000000e+03
6.187500000000000000e+00 2.250750000000000000e+03
1.203125000000000000e+01 2.108750000000000000e+03
1.353125000000000000e+01 2.108750000000000000e+03
1.495312500000000000e+01 2.083500000000000000e+03
1.925000000000000000e+01 2.086250000000000000e+03
2.070312500000000000e+01 2.069500000000000000e+03
2.215625000000000000e+01 2.056250000000000000e+03
2.359375000000000000e+01 2.049000000000000000e+03
2.504687500000000000e+01 2.041000000000000000e+03
2.651562500000000000e+01 2.040000000000000000e+03
2.793750000000000000e+01 2.038250000000000000e+03
2.940625000000000000e+01 2.036000000000000000e+03
3.082812500000000000e+01 2.038000000000000000e+03
3.226562500000000000e+01 2.040250000000000000e+03
3.370312500000000000e+01 2.043750000000000000e+03
3.512500000000000000e+01 2.045000000000000000e+03
3.657812500000000000e+01 2.047000000000000000e+03
3.800000000000000000e+01 2.049000000000000000e+03
3.948437500000000000e+01 2.058250000000000000e+03
4.090625000000000000e+01 2.075000000000000000e+03
4.234375000000000000e+01 2.093000000000000000e+03
4.373437500000000000e+01 2.111250000000000000e+03
4.520312500000000000e+01 2.118750000000000000e+03
1.959375000000000000e+01 2.086500000000000000e+03
2.137500000000000000e+01 2.071500000000000000e+03
2.315625000000000000e+01 2.059000000000000000e+03
2.493750000000000000e+01 2.049250000000000000e+03
2.668750000000000000e+01 2.040000000000000000e+03
2.850000000000000000e+01 2.037750000000000000e+03
3.029687500000000000e+01 2.036500000000000000e+03
3.204687500000000000e+01 2.038500000000000000e+03
3.382812500000000000e+01 2.042750000000000000e+03
3.559375000000000000e+01 2.041000000000000000e+03
3.735937500000000000e+01 2.050750000000000000e+03
3.914062500000000000e+01 2.063500000000000000e+03
4.092187500000000000e+01 2.072750000000000000e+03
4.268750000000000000e+01 2.095250000000000000e+03
4.445312500000000000e+01 2.112250000000000000e+03
4.623437500000000000e+01 2.118750000000000000e+03
4.981250000000000000e+01 2.068750000000000000e+03
5.153125000000000000e+01 2.090750000000000000e+03
6.196875000000000000e+01 2.847500000000000000e+02
6.414062500000000000e+01 2.780000000000000000e+02
6.565625000000000000e+01 2.740000000000000000e+02
6.751562500000000000e+01 2.730000000000000000e+02
6.857812500000000000e+01 2.742500000000000000e+02
7.018750000000000000e+01 2.745000000000000000e+02
7.239062500000000000e+01 2.752500000000000000e+02
8.700000000000000000e+01 3.585000000000000000e+02
9.851562500000000000e+01 4.547500000000000000e+02
1.004531250000000000e+02 4.550000000000000000e+02
1.110781250000000000e+02 4.740000000000000000e+02
1.128906250000000000e+02 4.667500000000000000e+02
1.143906250000000000e+02 4.645000000000000000e+02
1.164062500000000000e+02 4.675000000000000000e+02
1.178437500000000000e+02 4.760000000000000000e+02
1.253906250000000000e+02 8.927500000000000000e+02
1.272031250000000000e+02 8.880000000000000000e+02
1.290000000000000000e+02 8.780000000000000000e+02
1.360625000000000000e+02 9.927500000000000000e+02
1.378906250000000000e+02 1.002750000000000000e+03
1.395625000000000000e+02 1.015250000000000000e+03
1.435625000000000000e+02 8.275000000000000000e+02
1.454062500000000000e+02 8.152500000000000000e+02
1.817500000000000000e+02 6.445000000000000000e+02
1.835000000000000000e+02 6.342500000000000000e+02
1.853750000000000000e+02 6.240000000000000000e+02
1.872343750000000000e+02 6.157500000000000000e+02
1.890000000000000000e+02 6.080000000000000000e+02
1.907812500000000000e+02 6.015000000000000000e+02
1.927656250000000000e+02 5.945000000000000000e+02
1.985937500000000000e+02 4.727500000000000000e+02
2.055000000000000000e+02 3.277500000000000000e+02
2.075312500000000000e+02 3.262500000000000000e+02
2.089375000000000000e+02 3.255000000000000000e+02
2.148593750000000000e+02 4.622500000000000000e+02
2.169375000000000000e+02 4.600000000000000000e+02
2.187812500000000000e+02 4.580000000000000000e+02
2.203906250000000000e+02 4.567500000000000000e+02
2.222968750000000000e+02 4.562500000000000000e+02
2.240781250000000000e+02 4.502500000000000000e+02
2.259375000000000000e+02 4.445000000000000000e+02
2.277656250000000000e+02 4.450000000000000000e+02
2.321250000000000000e+02 6.085000000000000000e+02
2.339531250000000000e+02 6.147500000000000000e+02
2.356875000000000000e+02 6.227500000000000000e+02
2.374531250000000000e+02 6.325000000000000000e+02
2.391250000000000000e+02 6.442500000000000000e+02
2.408437500000000000e+02 6.550000000000000000e+02
2.425468750000000000e+02 6.667500000000000000e+02
2.443906250000000000e+02 6.807500000000000000e+02
2.462187500000000000e+02 6.955000000000000000e+02
2.478281250000000000e+02 7.120000000000000000e+02
2.495937500000000000e+02 7.287500000000000000e+02
2.531406250000000000e+02 7.712500000000000000e+02
2.548437500000000000e+02 7.937500000000000000e+02
2.939843750000000000e+02 1.050250000000000000e+03
3.255781250000000000e+02 2.529750000000000000e+03
3.274062500000000000e+02 2.543000000000000000e+03
3.291875000000000000e+02 2.533250000000000000e+03
3.309843750000000000e+02 2.567500000000000000e+03
3.327656250000000000e+02 2.611500000000000000e+03
3.345468750000000000e+02 2.665000000000000000e+03
3.363593750000000000e+02 2.740750000000000000e+03
3.418437500000000000e+02 2.283000000000000000e+03
3.437031250000000000e+02 2.244250000000000000e+03
3.454843750000000000e+02 2.224250000000000000e+03
3.472812500000000000e+02 2.212750000000000000e+03
3.508750000000000000e+02 2.098750000000000000e+03
3.526718750000000000e+02 2.073000000000000000e+03
3.545312500000000000e+02 2.034750000000000000e+03
3.562968750000000000e+02 1.985750000000000000e+03
3.581250000000000000e+02 1.959000000000000000e+03
3.598906250000000000e+02 1.962500000000000000e+03
1.718750000000000000e+00 1.989250000000000000e+03
3.484375000000000000e+00 2.026750000000000000e+03
1.064062500000000000e+01 2.127000000000000000e+03
1.250000000000000000e+01 2.111500000000000000e+03
1.429687500000000000e+01 2.098500000000000000e+03
1.970312500000000000e+01 2.083000000000000000e+03
2.145312500000000000e+01 2.070500000000000000e+03
2.328125000000000000e+01 2.059000000000000000e+03
2.506250000000000000e+01 2.048250000000000000e+03
2.685937500000000000e+01 2.038000000000000000e+03
2.868750000000000000e+01 2.036250000000000000e+03
3.046875000000000000e+01 2.039000000000000000e+03
3.226562500000000000e+01 2.039750000000000000e+03
3.406250000000000000e+01 2.039500000000000000e+03
3.581250000000000000e+01 2.043250000000000000e+03
3.764062500000000000e+01 2.051750000000000000e+03
3.940625000000000000e+01 2.063000000000000000e+03
4.120312500000000000e+01 2.079750000000000000e+03
4.298437500000000000e+01 2.098750000000000000e+03
4.476562500000000000e+01 2.111750000000000000e+03
4.659375000000000000e+01 2.103000000000000000e+03
5.017187500000000000e+01 2.089500000000000000e+03
5.198437500000000000e+01 2.091000000000000000e+03
6.257812500000000000e+01 2.812500000000000000e+02
6.373437500000000000e+01 2.757500000000000000e+02
6.543750000000000000e+01 2.727500000000000000e+02
6.717187500000000000e+01 2.735000000000000000e+02
6.892187500000000000e+01 2.745000000000000000e+02
7.120312500000000000e+01 2.747500000000000000e+02
8.250000000000000000e+01 3.482500000000000000e+02
8.435937500000000000e+01 3.532500000000000000e+02
8.625000000000000000e+01 3.572500000000000000e+02
8.756250000000000000e+01 3.587500000000000000e+02
1.011562500000000000e+02 4.537500000000000000e+02
1.099218750000000000e+02 4.785000000000000000e+02
1.118125000000000000e+02 4.695000000000000000e+02
1.137343750000000000e+02 4.645000000000000000e+02
1.153906250000000000e+02 4.655000000000000000e+02
1.354687500000000000e+02 9.910000000000000000e+02
1.371875000000000000e+02 9.995000000000000000e+02
1.390156250000000000e+02 1.008250000000000000e+03
1.447812500000000000e+02 8.182500000000000000e+02
1.464687500000000000e+02 8.247500000000000000e+02
1.813593750000000000e+02 6.462500000000000000e+02
1.833281250000000000e+02 6.367500000000000000e+02
1.849843750000000000e+02 6.265000000000000000e+02
1.868437500000000000e+02 6.170000000000000000e+02
1.887031250000000000e+02 6.100000000000000000e+02
1.906718750000000000e+02 6.025000000000000000e+02
1.925156250000000000e+02 5.960000000000000000e+02
1.964687500000000000e+02 4.800000000000000000e+02
1.985937500000000000e+02 4.810000000000000000e+02
2.005156250000000000e+02 4.737500000000000000e+02
2.053906250000000000e+02 3.270000000000000000e+02
2.070312500000000000e+02 3.262500000000000000e+02
2.093281250000000000e+02 3.260000000000000000e+02
2.147500000000000000e+02 4.622500000000000000e+02
2.166562500000000000e+02 4.602500000000000000e+02
2.184218750000000000e+02 4.580000000000000000e+02
2.203281250000000000e+02 4.570000000000000000e+02
2.221250000000000000e+02 4.565000000000000000e+02
2.241406250000000000e+02 4.502500000000000000e+02
2.257187500000000000e+02 4.445000000000000000e+02
2.274375000000000000e+02 4.452500000000000000e+02
2.319843750000000000e+02 6.085000000000000000e+02
2.339062500000000000e+02 6.150000000000000000e+02
2.355781250000000000e+02 6.245000000000000000e+02
2.375156250000000000e+02 6.342500000000000000e+02
2.392656250000000000e+02 6.442500000000000000e+02
2.409687500000000000e+02 6.552500000000000000e+02
2.427968750000000000e+02 6.670000000000000000e+02
2.443906250000000000e+02 6.822500000000000000e+02
2.461718750000000000e+02 6.977500000000000000e+02
2.478906250000000000e+02 7.145000000000000000e+02
2.496718750000000000e+02 7.335000000000000000e+02
2.515781250000000000e+02 7.525000000000000000e+02
2.532031250000000000e+02 7.720000000000000000e+02
2.567812500000000000e+02 8.210000000000000000e+02
2.927187500000000000e+02 1.045000000000000000e+03
3.226562500000000000e+02 2.528750000000000000e+03
3.244687500000000000e+02 2.516250000000000000e+03
3.263125000000000000e+02 2.540250000000000000e+03
3.280625000000000000e+02 2.572750000000000000e+03
3.299062500000000000e+02 2.598250000000000000e+03
3.317031250000000000e+02 2.598500000000000000e+03
3.353125000000000000e+02 2.710000000000000000e+03
3.426718750000000000e+02 2.247500000000000000e+03
3.444687500000000000e+02 2.222750000000000000e+03
3.462656250000000000e+02 2.229000000000000000e+03
3.517812500000000000e+02 2.081000000000000000e+03
3.535781250000000000e+02 2.055250000000000000e+03
3.554218750000000000e+02 2.017750000000000000e+03
3.572500000000000000e+02 1.986500000000000000e+03
3.590781250000000000e+02 1.973500000000000000e+03
8.437500000000000000e-01 1.974000000000000000e+03
2.671875000000000000e+00 2.010500000000000000e+03
1.165625000000000000e+01 2.113000000000000000e+03
1.345312500000000000e+01 2.114000000000000000e+03
1.892187500000000000e+01 2.096250000000000000e+03
2.071875000000000000e+01 2.065500000000000000e+03
2.251562500000000000e+01 2.052000000000000000e+03
2.432812500000000000e+01 2.044500000000000000e+03
2.617187500000000000e+01 2.041750000000000000e+03
2.796875000000000000e+01 2.037500000000000000e+03
2.981250000000000000e+01 2.035500000000000000e+03
3.160937500000000000e+01 2.038500000000000000e+03
3.342187500000000000e+01 2.042750000000000000e+03
3.520312500000000000e+01 2.048500000000000000e+03
3.700000000000000000e+01 2.052500000000000000e+03
3.879687500000000000e+01 2.059000000000000000e+03
4.057812500000000000e+01 2.070250000000000000e+03
4.240625000000000000e+01 2.090250000000000000e+03
4.418750000000000000e+01 2.111750000000000000e+03
4.600000000000000000e+01 2.121500000000000000e+03
4.784375000000000000e+01 2.103000000000000000e+03
4.962500000000000000e+01 2.081250000000000000e+03
5.143750000000000000e+01 2.088500000000000000e+03
6.185937500000000000e+01 2.855000000000000000e+02
6.300000000000000000e+01 2.785000000000000000e+02
6.570312500000000000e+01 2.740000000000000000e+02
3.029062500000000000e+02 2.407000000000000000e+03
3.122968750000000000e+02 2.527500000000000000e+03
3.254375000000000000e+02 2.528000000000000000e+03
3.273125000000000000e+02 2.546500000000000000e+03
3.291406250000000000e+02 2.540250000000000000e+03
3.310625000000000000e+02 2.570250000000000000e+03
3.328906250000000000e+02 2.629750000000000000e+03
3.347812500000000000e+02 2.690750000000000000e+03
3.424218750000000000e+02 2.245500000000000000e+03
3.442812500000000000e+02 2.219500000000000000e+03
3.461406250000000000e+02 2.230750000000000000e+03
3.499531250000000000e+02 2.123500000000000000e+03
3.518281250000000000e+02 2.078750000000000000e+03
3.537187500000000000e+02 2.041000000000000000e+03
3.574843750000000000e+02 1.962750000000000000e+03
3.593593750000000000e+02 1.970750000000000000e+03
1.250000000000000000e+00 1.982000000000000000e+03
3.109375000000000000e+00 2.015000000000000000e+03
1.056250000000000000e+01 2.118750000000000000e+03
1.246875000000000000e+01 2.113750000000000000e+03
1.434375000000000000e+01 2.096000000000000000e+03
2.000000000000000000e+01 2.072000000000000000e+03
2.182812500000000000e+01 2.060500000000000000e+03
2.560937500000000000e+01 2.047000000000000000e+03
2.750000000000000000e+01 2.040000000000000000e+03
2.937500000000000000e+01 2.038000000000000000e+03
3.125000000000000000e+01 2.037000000000000000e+03
3.312500000000000000e+01 2.039500000000000000e+03
3.492187500000000000e+01 2.043000000000000000e+03
3.678125000000000000e+01 2.053750000000000000e+03
3.865625000000000000e+01 2.064250000000000000e+03
4.056250000000000000e+01 2.077250000000000000e+03
4.240625000000000000e+01 2.095750000000000000e+03
4.428125000000000000e+01 2.111500000000000000e+03
4.615625000000000000e+01 2.120500000000000000e+03
4.987500000000000000e+01 2.069000000000000000e+03
5.176562500000000000e+01 2.088500000000000000e+03
6.229687500000000000e+01 2.817500000000000000e+02
6.467187500000000000e+01 2.760000000000000000e+02
6.596875000000000000e+01 2.737500000000000000e+02
6.782812500000000000e+01 2.747500000000000000e+02
7.042187500000000000e+01 2.752500000000000000e+02
7.185937500000000000e+01 2.755000000000000000e+02
8.725000000000000000e+01 3.582500000000000000e+02
1.104062500000000000e+02 4.742500000000000000e+02
1.123750000000000000e+02 4.657500000000000000e+02
1.139843750000000000e+02 4.630000000000000000e+02
1.160312500000000000e+02 4.670000000000000000e+02
1.178750000000000000e+02 4.757500000000000000e+02
1.257187500000000000e+02 8.792500000000000000e+02
1.275781250000000000e+02 8.717500000000000000e+02
1.349062500000000000e+02 9.890000000000000000e+02
1.367500000000000000e+02 1.000750000000000000e+03
1.386562500000000000e+02 1.009250000000000000e+03
1.405625000000000000e+02 1.022000000000000000e+03
1.447031250000000000e+02 8.175000000000000000e+02
1.808437500000000000e+02 6.512500000000000000e+02
1.828750000000000000e+02 6.387500000000000000e+02
1.847968750000000000e+02 6.285000000000000000e+02
1.866718750000000000e+02 6.185000000000000000e+02
1.885937500000000000e+02 6.087500000000000000e+02
1.904218750000000000e+02 6.022500000000000000e+02
1.922812500000000000e+02 5.957500000000000000e+02
1.987031250000000000e+02 4.715000000000000000e+02
2.060000000000000000e+02 3.255000000000000000e+02
2.074218750000000000e+02 3.240000000000000000e+02
2.099531250000000000e+02 3.230000000000000000e+02
2.154218750000000000e+02 4.615000000000000000e+02
2.175625000000000000e+02 4.597500000000000000e+02
2.193437500000000000e+02 4.575000000000000000e+02
2.213750000000000000e+02 4.565000000000000000e+02
2.232031250000000000e+02 4.507500000000000000e+02
2.251562500000000000e+02 4.447500000000000000e+02
2.269218750000000000e+02 4.450000000000000000e+02
2.317031250000000000e+02 6.077500000000000000e+02
2.334687500000000000e+02 6.152500000000000000e+02
2.352656250000000000e+02 6.237500000000000000e+02
2.371718750000000000e+02 6.332500000000000000e+02
2.390937500000000000e+02 6.445000000000000000e+02
2.408750000000000000e+02 6.557500000000000000e+02
2.427500000000000000e+02 6.675000000000000000e+02
2.445937500000000000e+02 6.822500000000000000e+02
2.464062500000000000e+02 6.992500000000000000e+02
2.481875000000000000e+02 7.157500000000000000e+02
2.500000000000000000e+02 7.342500000000000000e+02
2.518750000000000000e+02 7.550000000000000000e+02
2.572031250000000000e+02 8.315000000000000000e+02
2.926093750000000000e+02 1.047750000000000000e+03
3.012968750000000000e+02 2.401000000000000000e+03
3.143906250000000000e+02 2.511500000000000000e+03
3.255937500000000000e+02 2.529500000000000000e+03
3.274843750000000000e+02 2.554750000000000000e+03
3.293281250000000000e+02 2.579250000000000000e+03
3.312343750000000000e+02 2.601000000000000000e+03
3.331093750000000000e+02 2.625250000000000000e+03
3.349531250000000000e+02 2.684750000000000000e+03
3.425937500000000000e+02 2.252250000000000000e+03
3.444375000000000000e+02 2.222750000000000000e+03
3.463437500000000000e+02 2.231250000000000000e+03
3.501406250000000000e+02 2.119500000000000000e+03
3.520312500000000000e+02 2.079000000000000000e+03
3.538593750000000000e+02 2.042750000000000000e+03
3.576718750000000000e+02 1.958250000000000000e+03
3.595000000000000000e+02 1.967750000000000000e+03
1.390625000000000000e+00 1.987750000000000000e+03
3.250000000000000000e+00 2.019250000000000000e+03
1.075000000000000000e+01 2.095750000000000000e+03
1.260937500000000000e+01 2.109750000000000000e+03
1.446875000000000000e+01 2.094750000000000000e+03
2.010937500000000000e+01 2.069000000000000000e+03
2.196875000000000000e+01 2.059250000000000000e+03
2.571875000000000000e+01 2.049250000000000000e+03
2.756250000000000000e+01 2.040750000000000000e+03
2.950000000000000000e+01 2.036000000000000000e+03
3.139062500000000000e+01 2.036750000000000000e+03
3.323437500000000000e+01 2.042250000000000000e+03
3.506250000000000000e+01 2.044500000000000000e+03
3.693750000000000000e+01 2.052000000000000000e+03
3.879687500000000000e+01 2.061250000000000000e+03
4.062500000000000000e+01 2.071500000000000000e+03
4.250000000000000000e+01 2.091500000000000000e+03
4.439062500000000000e+01 2.111000000000000000e+03
4.626562500000000000e+01 2.121500000000000000e+03
4.996875000000000000e+01 2.072000000000000000e+03
5.182812500000000000e+01 2.090000000000000000e+03
6.250000000000000000e+01 2.807500000000000000e+02
6.456250000000000000e+01 2.760000000000000000e+02
6.629687500000000000e+01 2.727500000000000000e+02
6.867187500000000000e+01 2.735000000000000000e+02
6.931250000000000000e+01 2.750000000000000000e+02
7.123437500000000000e+01 2.752500000000000000e+02
8.696875000000000000e+01 3.582500000000000000e+02
1.102968750000000000e+02 4.740000000000000000e+02
1.123437500000000000e+02 4.657500000000000000e+02
1.141875000000000000e+02 4.630000000000000000e+02
1.157812500000000000e+02 4.670000000000000000e+02
1.178437500000000000e+02 4.755000000000000000e+02
1.256718750000000000e+02 8.792500000000000000e+02
1.275000000000000000e+02 8.717500000000000000e+02
1.349062500000000000e+02 9.877500000000000000e+02
1.368125000000000000e+02 9.990000000000000000e+02
1.386093750000000000e+02 1.009000000000000000e+03
1.405156250000000000e+02 1.022000000000000000e+03
1.445937500000000000e+02 8.172500000000000000e+02
1.807968750000000000e+02 6.510000000000000000e+02
1.828281250000000000e+02 6.385000000000000000e+02
1.847968750000000000e+02 6.280000000000000000e+02
1.865156250000000000e+02 6.182500000000000000e+02
1.884843750000000000e+02 6.090000000000000000e+02
1.904531250000000000e+02 6.022500000000000000e+02
1.922656250000000000e+02 5.957500000000000000e+02
1.987968750000000000e+02 4.722500000000000000e+02
2.056406250000000000e+02 3.252500000000000000e+02
2.075625000000000000e+02 3.240000000000000000e+02
2.093593750000000000e+02 3.230000000000000000e+02
2.157812500000000000e+02 4.612500000000000000e+02
2.173593750000000000e+02 4.595000000000000000e+02
2.194062500000000000e+02 4.575000000000000000e+02
2.213906250000000000e+02 4.565000000000000000e+02
2.230781250000000000e+02 4.507500000000000000e+02
2.251562500000000000e+02 4.447500000000000000e+02
2.268437500000000000e+02 4.450000000000000000e+02
2.317500000000000000e+02 6.075000000000000000e+02
2.334218750000000000e+02 6.152500000000000000e+02
2.354375000000000000e+02 6.237500000000000000e+02
2.372031250000000000e+02 6.332500000000000000e+02
2.391562500000000000e+02 6.445000000000000000e+02
2.407968750000000000e+02 6.560000000000000000e+02
2.427812500000000000e+02 6.692500000000000000e+02
2.445781250000000000e+02 6.837500000000000000e+02
2.463906250000000000e+02 6.990000000000000000e+02
2.482500000000000000e+02 7.160000000000000000e+02
2.500000000000000000e+02 7.347500000000000000e+02
2.517968750000000000e+02 7.560000000000000000e+02
2.536562500000000000e+02 7.795000000000000000e+02
2.573281250000000000e+02 8.312500000000000000e+02
2.875468750000000000e+02 1.920250000000000000e+03
2.894062500000000000e+02 1.918250000000000000e+03
2.938593750000000000e+02 1.050750000000000000e+03
3.249843750000000000e+02 2.514250000000000000e+03
3.268437500000000000e+02 2.514000000000000000e+03
3.287187500000000000e+02 2.530500000000000000e+03
3.305781250000000000e+02 2.574750000000000000e+03
3.324843750000000000e+02 2.606500000000000000e+03
3.362343750000000000e+02 2.725250000000000000e+03
3.419843750000000000e+02 2.279750000000000000e+03
3.438750000000000000e+02 2.245250000000000000e+03
3.457656250000000000e+02 2.222500000000000000e+03
3.476093750000000000e+02 2.187250000000000000e+03
3.495312500000000000e+02 2.132750000000000000e+03
3.513906250000000000e+02 2.085500000000000000e+03
3.532812500000000000e+02 2.056500000000000000e+03
3.551875000000000000e+02 2.019750000000000000e+03
3.570625000000000000e+02 1.987750000000000000e+03
3.589687500000000000e+02 1.968750000000000000e+03
8.281250000000000000e-01 1.969250000000000000e+03
2.656250000000000000e+00 2.012000000000000000e+03
1.204687500000000000e+01 2.077250000000000000e+03
1.392187500000000000e+01 2.102750000000000000e+03
1.956250000000000000e+01 2.077000000000000000e+03
2.142187500000000000e+01 2.068500000000000000e+03
2.328125000000000000e+01 2.058250000000000000e+03
2.517187500000000000e+01 2.048000000000000000e+03
2.709375000000000000e+01 2.040000000000000000e+03
2.892187500000000000e+01 2.038500000000000000e+03
3.079687500000000000e+01 2.039750000000000000e+03
3.267187500000000000e+01 2.038250000000000000e+03
3.459375000000000000e+01 2.038000000000000000e+03
3.637500000000000000e+01 2.045750000000000000e+03
3.825000000000000000e+01 2.059500000000000000e+03
4.009375000000000000e+01 2.076250000000000000e+03
4.200000000000000000e+01 2.090000000000000000e+03
4.385937500000000000e+01 2.105750000000000000e+03
4.573437500000000000e+01 2.119750000000000000e+03
4.762500000000000000e+01 2.101750000000000000e+03
4.950000000000000000e+01 2.079750000000000000e+03
5.137500000000000000e+01 2.090250000000000000e+03
6.206250000000000000e+01 2.817500000000000000e+02
6.395312500000000000e+01 2.750000000000000000e+02
6.643750000000000000e+01 2.715000000000000000e+02
6.698437500000000000e+01 2.725000000000000000e+02
6.946875000000000000e+01 2.737500000000000000e+02
7.120312500000000000e+01 2.742500000000000000e+02
8.657812500000000000e+01 3.577500000000000000e+02
9.901562500000000000e+01 4.537500000000000000e+02
1.005625000000000000e+02 4.537500000000000000e+02
1.099843750000000000e+02 4.790000000000000000e+02
1.116875000000000000e+02 4.690000000000000000e+02
1.135156250000000000e+02 4.640000000000000000e+02
1.156406250000000000e+02 4.655000000000000000e+02
1.172031250000000000e+02 4.727500000000000000e+02
1.290156250000000000e+02 8.777500000000000000e+02
1.364062500000000000e+02 9.962500000000000000e+02
1.382812500000000000e+02 1.006250000000000000e+03
1.401406250000000000e+02 1.018750000000000000e+03
1.442031250000000000e+02 8.215000000000000000e+02
1.460312500000000000e+02 8.167500000000000000e+02
1.803906250000000000e+02 6.517500000000000000e+02
1.823906250000000000e+02 6.412500000000000000e+02
1.843125000000000000e+02 6.310000000000000000e+02
1.862187500000000000e+02 6.210000000000000000e+02
1.882500000000000000e+02 6.125000000000000000e+02
1.901250000000000000e+02 6.032500000000000000e+02
1.921093750000000000e+02 5.962500000000000000e+02
1.962187500000000000e+02 4.785000000000000000e+02
1.982343750000000000e+02 4.780000000000000000e+02
2.002500000000000000e+02 4.720000000000000000e+02
2.051250000000000000e+02 3.270000000000000000e+02
2.073750000000000000e+02 3.255000000000000000e+02
2.093593750000000000e+02 3.230000000000000000e+02
2.132656250000000000e+02 4.677500000000000000e+02
2.153125000000000000e+02 4.615000000000000000e+02
2.170468750000000000e+02 4.595000000000000000e+02
2.189218750000000000e+02 4.577500000000000000e+02
2.210937500000000000e+02 4.567500000000000000e+02
2.228437500000000000e+02 4.502500000000000000e+02
2.246406250000000000e+02 4.445000000000000000e+02
2.267031250000000000e+02 4.447500000000000000e+02
2.285625000000000000e+02 4.492500000000000000e+02
2.313437500000000000e+02 6.050000000000000000e+02
2.331406250000000000e+02 6.122500000000000000e+02
2.351875000000000000e+02 6.210000000000000000e+02
2.369375000000000000e+02 6.317500000000000000e+02
2.387968750000000000e+02 6.422500000000000000e+02
2.406562500000000000e+02 6.527500000000000000e+02
2.424375000000000000e+02 6.667500000000000000e+02
2.443437500000000000e+02 6.815000000000000000e+02
2.460000000000000000e+02 6.962500000000000000e+02
2.479687500000000000e+02 7.140000000000000000e+02
2.496875000000000000e+02 7.332500000000000000e+02
2.533125000000000000e+02 7.760000000000000000e+02
2.899843750000000000e+02 1.915000000000000000e+03
3.030156250000000000e+02 2.405500000000000000e+03
3.124062500000000000e+02 2.530500000000000000e+03
3.255000000000000000e+02 2.528000000000000000e+03
3.274218750000000000e+02 2.553000000000000000e+03
3.292656250000000000e+02 2.579500000000000000e+03
3.311562500000000000e+02 2.601250000000000000e+03
3.330000000000000000e+02 2.619250000000000000e+03
3.348750000000000000e+02 2.681250000000000000e+03
3.425156250000000000e+02 2.248500000000000000e+03
3.443906250000000000e+02 2.219750000000000000e+03
3.462812500000000000e+02 2.230750000000000000e+03
3.500625000000000000e+02 2.120500000000000000e+03
3.519531250000000000e+02 2.078750000000000000e+03
3.538125000000000000e+02 2.041250000000000000e+03
3.557500000000000000e+02 1.991250000000000000e+03
3.576406250000000000e+02 1.958250000000000000e+03
3.594687500000000000e+02 1.967750000000000000e+03
1.343750000000000000e+00 1.988750000000000000e+03
3.234375000000000000e+00 2.020500000000000000e+03
1.071875000000000000e+01 2.096250000000000000e+03
1.256250000000000000e+01 2.109750000000000000e+03
1.450000000000000000e+01 2.094250000000000000e+03
2.012500000000000000e+01 2.067500000000000000e+03
2.200000000000000000e+01 2.058500000000000000e+03
2.576562500000000000e+01 2.049500000000000000e+03
2.765625000000000000e+01 2.038500000000000000e+03
2.953125000000000000e+01 2.033500000000000000e+03
3.140625000000000000e+01 2.037250000000000000e+03
3.328125000000000000e+01 2.043000000000000000e+03
3.512500000000000000e+01 2.044500000000000000e+03
3.700000000000000000e+01 2.049500000000000000e+03
3.885937500000000000e+01 2.059000000000000000e+03
4.070312500000000000e+01 2.071750000000000000e+03
4.259375000000000000e+01 2.094250000000000000e+03
4.446875000000000000e+01 2.113750000000000000e+03
4.631250000000000000e+01 2.116500000000000000e+03
5.009375000000000000e+01 2.066750000000000000e+03
6.210937500000000000e+01 2.785000000000000000e+02
6.520312500000000000e+01 2.725000000000000000e+02
6.593750000000000000e+01 2.707500000000000000e+02
6.856250000000000000e+01 2.722500000000000000e+02
6.967187500000000000e+01 2.740000000000000000e+02
7.201562500000000000e+01 2.750000000000000000e+02
8.737500000000000000e+01 3.582500000000000000e+02
1.104218750000000000e+02 4.732500000000000000e+02
1.124687500000000000e+02 4.657500000000000000e+02
1.144062500000000000e+02 4.632500000000000000e+02
1.162812500000000000e+02 4.670000000000000000e+02
1.180000000000000000e+02 4.767500000000000000e+02
1.220312500000000000e+02 8.955000000000000000e+02
1.277500000000000000e+02 8.717500000000000000e+02
1.351250000000000000e+02 9.897500000000000000e+02
1.370937500000000000e+02 9.982500000000000000e+02
1.388906250000000000e+02 1.008000000000000000e+03
1.429375000000000000e+02 8.307500000000000000e+02
1.449062500000000000e+02 8.155000000000000000e+02
1.812500000000000000e+02 6.467500000000000000e+02
1.829843750000000000e+02 6.362500000000000000e+02
1.849375000000000000e+02 6.262500000000000000e+02
1.869687500000000000e+02 6.162500000000000000e+02
1.888750000000000000e+02 6.087500000000000000e+02
1.907031250000000000e+02 6.015000000000000000e+02
1.927500000000000000e+02 5.940000000000000000e+02
1.970781250000000000e+02 4.760000000000000000e+02
1.990468750000000000e+02 4.730000000000000000e+02
2.058593750000000000e+02 3.267500000000000000e+02
2.099531250000000000e+02 3.250000000000000000e+02
2.158593750000000000e+02 4.605000000000000000e+02
2.177500000000000000e+02 4.590000000000000000e+02
2.196093750000000000e+02 4.575000000000000000e+02
2.217968750000000000e+02 4.567500000000000000e+02
2.234062500000000000e+02 4.507500000000000000e+02
2.253437500000000000e+02 4.447500000000000000e+02
2.275156250000000000e+02 4.450000000000000000e+02
2.320468750000000000e+02 6.087500000000000000e+02
2.337968750000000000e+02 6.157500000000000000e+02
2.358125000000000000e+02 6.252500000000000000e+02
2.376875000000000000e+02 6.360000000000000000e+02
2.393281250000000000e+02 6.465000000000000000e+02
2.412031250000000000e+02 6.580000000000000000e+02
2.429843750000000000e+02 6.717500000000000000e+02
2.448593750000000000e+02 6.860000000000000000e+02
2.466718750000000000e+02 7.015000000000000000e+02
2.485312500000000000e+02 7.192500000000000000e+02
2.522968750000000000e+02 7.610000000000000000e+02
2.559375000000000000e+02 8.082500000000000000e+02
2.932656250000000000e+02 1.051500000000000000e+03
3.131406250000000000e+02 2.524750000000000000e+03
3.243750000000000000e+02 2.517250000000000000e+03
3.262812500000000000e+02 2.524500000000000000e+03
3.281093750000000000e+02 2.553750000000000000e+03
3.300156250000000000e+02 2.596250000000000000e+03
3.319062500000000000e+02 2.603000000000000000e+03
3.356250000000000000e+02 2.721500000000000000e+03
2.938906250000000000e+02 1.054250000000000000e+03
3.250781250000000000e+02 2.517000000000000000e+03
3.269375000000000000e+02 2.517500000000000000e+03
3.288281250000000000e+02 2.521750000000000000e+03
3.306718750000000000e+02 2.566750000000000000e+03
3.325625000000000000e+02 2.607750000000000000e+03
3.420625000000000000e+02 2.275000000000000000e+03
3.439218750000000000e+02 2.240000000000000000e+03
3.458281250000000000e+02 2.227250000000000000e+03
3.476875000000000000e+02 2.194000000000000000e+03
3.495781250000000000e+02 2.132500000000000000e+03
3.514687500000000000e+02 2.090250000000000000e+03
3.533750000000000000e+02 2.062250000000000000e+03
3.552656250000000000e+02 2.017500000000000000e+03
3.571718750000000000e+02 1.985750000000000000e+03
3.590156250000000000e+02 1.975500000000000000e+03
9.062500000000000000e-01 1.976250000000000000e+03
2.734375000000000000e+00 2.013250000000000000e+03
1.401562500000000000e+01 2.103500000000000000e+03
1.962500000000000000e+01 2.079000000000000000e+03
2.153125000000000000e+01 2.063000000000000000e+03
2.528125000000000000e+01 2.048000000000000000e+03
2.715625000000000000e+01 2.039250000000000000e+03
2.904687500000000000e+01 2.038000000000000000e+03
3.092187500000000000e+01 2.035750000000000000e+03
3.276562500000000000e+01 2.034250000000000000e+03
3.468750000000000000e+01 2.039750000000000000e+03
3.648437500000000000e+01 2.047000000000000000e+03
3.832812500000000000e+01 2.058750000000000000e+03
4.023437500000000000e+01 2.072250000000000000e+03
4.206250000000000000e+01 2.089750000000000000e+03
4.393750000000000000e+01 2.110000000000000000e+03
4.579687500000000000e+01 2.122250000000000000e+03
4.771875000000000000e+01 2.104000000000000000e+03
4.959375000000000000e+01 2.082250000000000000e+03
5.145312500000000000e+01 2.089500000000000000e+03
6.248437500000000000e+01 2.810000000000000000e+02
6.403125000000000000e+01 2.747500000000000000e+02
6.598437500000000000e+01 2.712500000000000000e+02
6.800000000000000000e+01 2.722500000000000000e+02
6.900000000000000000e+01 2.740000000000000000e+02
7.139062500000000000e+01 2.747500000000000000e+02
8.650000000000000000e+01 3.585000000000000000e+02
1.009687500000000000e+02 4.537500000000000000e+02
1.098125000000000000e+02 4.777500000000000000e+02
1.118750000000000000e+02 4.687500000000000000e+02
1.135937500000000000e+02 4.640000000000000000e+02
1.155468750000000000e+02 4.665000000000000000e+02
1.173906250000000000e+02 4.737500000000000000e+02
1.252187500000000000e+02 8.957500000000000000e+02
1.345312500000000000e+02 9.862500000000000000e+02
1.364843750000000000e+02 9.962500000000000000e+02
1.382500000000000000e+02 1.006250000000000000e+03
1.401718750000000000e+02 1.017250000000000000e+03
1.442968750000000000e+02 8.217500000000000000e+02
1.461406250000000000e+02 8.170000000000000000e+02
1.804062500000000000e+02 6.515000000000000000e+02
1.824375000000000000e+02 6.410000000000000000e+02
1.843281250000000000e+02 6.305000000000000000e+02
1.862187500000000000e+02 6.207500000000000000e+02
1.882031250000000000e+02 6.120000000000000000e+02
1.901406250000000000e+02 6.032500000000000000e+02
1.918593750000000000e+02 5.962500000000000000e+02
1.962343750000000000e+02 4.782500000000000000e+02
1.982500000000000000e+02 4.777500000000000000e+02
2.003281250000000000e+02 4.720000000000000000e+02
2.052968750000000000e+02 3.270000000000000000e+02
2.076250000000000000e+02 3.255000000000000000e+02
2.088437500000000000e+02 3.235000000000000000e+02
2.134218750000000000e+02 4.677500000000000000e+02
2.150781250000000000e+02 4.617500000000000000e+02
2.170625000000000000e+02 4.597500000000000000e+02
2.188593750000000000e+02 4.580000000000000000e+02
2.209687500000000000e+02 4.572500000000000000e+02
2.228906250000000000e+02 4.507500000000000000e+02
2.246250000000000000e+02 4.447500000000000000e+02
2.265625000000000000e+02 4.450000000000000000e+02
2.283125000000000000e+02 4.482500000000000000e+02
2.312187500000000000e+02 6.055000000000000000e+02
2.330468750000000000e+02 6.132500000000000000e+02
2.350156250000000000e+02 6.220000000000000000e+02
2.368750000000000000e+02 6.315000000000000000e+02
2.386562500000000000e+02 6.420000000000000000e+02
2.406093750000000000e+02 6.527500000000000000e+02
2.423906250000000000e+02 6.660000000000000000e+02
2.442656250000000000e+02 6.807500000000000000e+02
2.460468750000000000e+02 6.960000000000000000e+02
2.477500000000000000e+02 7.135000000000000000e+02
2.496562500000000000e+02 7.332500000000000000e+02
2.514375000000000000e+02 7.532500000000000000e+02
2.532500000000000000e+02 7.745000000000000000e+02
2.551875000000000000e+02 7.970000000000000000e+02
3.029062500000000000e+02 2.401500000000000000e+03
3.122500000000000000e+02 2.539500000000000000e+03
3.141718750000000000e+02 2.519500000000000000e+03
3.253750000000000000e+02 2.519250000000000000e+03
3.272656250000000000e+02 2.536500000000000000e+03
3.291093750000000000e+02 2.546750000000000000e+03
3.310000000000000000e+02 2.577750000000000000e+03
3.328593750000000000e+02 2.629000000000000000e+03
3.347187500000000000e+02 2.688500000000000000e+03
3.423437500000000000e+02 2.252250000000000000e+03
3.442187500000000000e+02 2.224750000000000000e+03
3.460781250000000000e+02 2.234500000000000000e+03
